293.26443220287933 231.0032727645064 336.4316138287949
151.219338036932 869.8210200131574 82.02519409512166
726.4855326792261 265.1881458238684 70.90700999858024
970.9352265815817 828.5856955496007 577.0863348327724
4.647830691052235 612.9664760010555 904.5014495970668
784.8987907341589 208.34762203234715 808.3333693243652
974.077275620884 37.74551447147279 128.15680568573407
925.1860839345977 683.4843592487072 601.2462004134068
501.9455765212472 532.1077567298843 813.7208990766446
296.1773506414868 575.8777903882741 542.2197509859177
223.8022459083311 358.7662692109884 764.2389255741642
748.5355960291906 985.8458134982276 721.962272114014
958.5296172113302 932.7190712930778 886.3884728701204
850.9909770006926 328.2004937102733 746.1341802210619
657.926266894514 44.59046774422526 104.45258757677777
36.558745814119995 347.80842522389935 808.8368755200605
35.2537537520945 25.735461135004357 83.87842564477398
446.7242951181739 68.30551674404306 659.0338697952371
160.96388201032585 143.38546223789106 791.6914695857787
528.6263092067059 437.28941858860827 395.1265264764964
604.3017999609053 187.3089343208183 906.7159748717106
454.9409864856403 182.87864299912738 191.92934324414813
347.1122662270102 339.2269501918651 549.0147685874368
624.5353164601466 478.0467231148343 653.1426308633531
494.606764650666 619.7528714674069 296.603510112896
217.5583105933935 454.1252247996297 787.7413416339913
603.9715913219296 553.8052389156287 986.90142555221
135.9753306274889 115.17291683254838 797.1721070129928
713.4332937583713 434.988067289074 921.3808848157832
829.0753572969086 17.34836417907648 489.13895821351383
916.4266320372429 843.6851837785185 191.71560009812694
806.5141866398928 66.17703941182162 491.9707938550123
588.8570463738129 795.0114337682942 834.8189921028511
473.36698604156715 624.5398222572569 53.973174591401055
293.8909926079112 57.242731378450706 520.3134819118408
563.9023904129544 172.34248077390092 487.9269460157948
433.73301093520547 977.2290419926543 306.10082709524323
217.03293161693006 422.3285720234452 324.6894516514786
664.1569095784464 862.430218606319 466.76206858444493
436.64481719513424 589.4009420114621 343.56124645046384
233.2162388562471 389.3858302623189 8.104092860191203
254.1518280903655 650.2745793700558 787.4622576890165
678.4043611938508 793.3005143963393 747.8734322959414
393.3448710606554 62.83135222566904 313.88058439112376
758.253690132024 423.3048123958758 410.92095227890036
864.1956754701054 237.03494350991627 911.300940552312
861.2509393331885 352.5823036863863 201.4924767716151
722.370551017548 706.2084108825218 752.3189196914682
216.39526639738904 296.5942455496139 993.3074359679824
257.34491320279994 950.8648632978526 144.50056202685613
674.3167457657812 692.3243109167571 494.72172387402355
528.5014215954766 164.78249268784927 411.1222433997768
508.51820927811497 626.5987287846201 835.8697855676955
389.4969805594467 77.76597892143266 477.06897002767977
813.1289604540465 878.5050410387249 874.3094600320668
15.844121646526265 645.5504007893207 365.40252672502714
870.7563361651135 761.0372483562227 577.7006375921271
62.28319322623288 416.816337655221 747.5166061436449
638.1423626366355 766.7142388451591 907.2219925989594
841.4316281795398 225.80704667533269 587.7262757121663
200.89602554698794 397.82538082483995 468.63298509890336
952.813435159937 367.51651913927407 688.1714269394232
831.6031554447617 763.4247753690264 272.7833683473977
772.0534415950741 357.200921241173 575.8106931806659
179.6188303052728 189.84080769056254 719.0144137659788
380.2620409504826 201.9359963530567 953.4427864255476
429.35852134663855 708.2731696240149 459.89843444236425
130.33376012694865 293.2377988785362 98.88359334762853
681.4514306200965 641.1377163585821 321.2959414241068
579.9132932291047 792.7536258890706 281.63197330109455
653.4687178371895 726.8291383755418 188.34704631682587
371.0697088987307 949.9166403652922 670.0989573038927
884.9935868631937 151.96014663383428 958.9714017318009
923.08076322085 212.49884615151126 520.0453455476292
2.4075153887876954 172.17011418191586 659.5768232044621
608.4727066666015 240.878346113402 215.8055030107726
466.4012304185592 534.0499262059236 885.9950744272021
61.764551304890894 610.9752313892147 314.83572816295003
508.24772248451524 324.78648456572625 882.5680693237667
515.6041878075284 235.40498959033962 137.12814546634056
156.9725262989613 49.55579283082323 760.4833272877867
25.599540156170832 588.4507875077999 133.46242419844913
937.2697745593722 773.1912802288601 246.8228662865084
587.3144860299441 107.9143911750512 526.2991549170983
357.68713592534897 591.2696649291868 702.4693815602965
949.9181753989673 473.3917032978445 131.2622595499514
371.68887509271576 26.277241038231146 759.0265437866371
274.56583762727973 773.2923825209347 673.9531573253224
965.3962801128863 457.4257609666975 701.8023915408353
440.65491021893644 214.92715799291096 285.3809511969599
889.6379939900278 706.6862825039686 344.5215427026594
416.14846172183195 693.5215408238915 599.8892981651429
674.6037757728119 671.2061982737955 841.8718861796616
234.5837342526351 863.4673457561644 133.90623695752524
341.64851879251233 497.2105075001405 191.03877777364153
969.5114036875601 276.9038959783857 122.84491628300631
460.0738057250227 391.37501595512356 880.3694494379915
159.42442280086865 243.26730463110903 305.6943682940916
407.4480499003056 526.2078944519205 958.4645388707996
570.4261438001889 301.6383919105616 749.6925314382484
674.4849504903783 539.2173642175039 748.4242138779964
681.249976357083 928.3245315470078 103.52109700861523
322.5150714620546 942.925233540912 212.51195724247728
51.23651326783951 586.0884864380355 429.70255384739187
62.61212844795161 713.5759137230596 845.7454260210069
617.8249983699491 283.14740710077456 769.3199111844712
