693.223340789602 -625.0540338019463 949.6805535828217
1303.1961139953482 -57.086019076558614 828.0849965274952
1292.0064798437372 -658.4034368603229 1244.689399412548
924.5081578591831 -849.6234515458757 374.0741978433234
1689.0679203194463 -882.2300932095349 676.5288036698228
1317.5404720795211 -1054.6799297905416 752.5601956630985
800.1290216502198 -921.4985743433411 537.9067428328291
1008.8244355294257 -372.2909264646066 1701.2459775549721
932.3200309863828 -1171.0387197905889 1021.8233188982573
1010.095089645022 -501.2840165121345 890.6284947152919
793.4693716835473 -1188.524077882279 257.537358577729
1026.2051759707874 -270.19970700821324 1142.630676588801
1504.2024291390346 -930.6637314403184 736.5172795942011
1149.691266066424 -767.0816890945064 1249.3197292258972
1091.1917327512874 -496.5710090770962 1149.1098356191546
840.2418596899777 -645.1312815814355 1405.781006106895
1760.8929941161557 -662.5880011671926 971.4815093842539
1806.5505159177794 -918.8537201432105 974.9239784941796
1095.0454747721974 -1140.4222617833364 927.5914305985734
953.898762201802 -819.6036960544461 947.2641929805874
645.2133124909369 -926.8454326989173 458.0056846861511
728.4569007001407 -513.9360675874163 1585.1134749308508
329.6881777268567 -458.90427620783515 907.3111296035538
607.5401256023694 -944.8811112102818 1137.5574267898435
567.3340014739983 -719.244209929174 1473.6521879766735
1032.8707502951163 -707.9255500015475 837.2926259249883
835.1367043897512 -1076.9417095361864 1247.4218232288652
707.7451525091052 -732.0574594629851 702.393176815017
855.2023928803131 -688.0175900798458 1118.6356032858905
1149.5936408317698 -844.2157627638325 1006.0214008756661
1218.6574555057564 -553.7095205693319 762.9240924776853
1435.196533885107 -837.9823891192503 1113.7296676866124
936.258154449443 -585.7819091916999 1431.1279583742212
1230.188855457428 -891.7497140001492 1329.0328198384425
521.0795747492302 -723.0131152479296 1495.6336884135226
1155.4443406784617 -1028.1279267585876 1191.8631176508939
727.710415488018 -1209.5783538478806 701.5140896712206
504.44808367153865 -734.7554261965801 1010.8538321163903
1653.0285216389486 -709.7614367476798 366.3502248932706
774.5249422744184 -1161.9489263308037 703.2049126574494
1469.302122854342 -774.5256874617238 1149.9796677888278
1484.946517740412 -698.5036355539356 1205.4633630900607
1184.0050427847098 -440.894649779031 549.8414410869666
520.782646724142 -778.8674131735826 1117.349040126858
769.4700858217544 -927.1492043038139 888.4493338306887
1583.1991626910678 -293.5688541460848 827.7791148582578
865.7373425054407 -447.7513235456323 998.8027219072235
1566.8440156937988 -599.9894951929401 803.4175161465844
1146.8956440119396 -526.327660677527 847.1383466813224
821.5060800015581 -380.6005574609513 689.5611654957912
1160.9643484426563 -500.8869944866252 1399.0901588322708
1523.4465148568281 -741.641337133275 1052.058337210585
568.7895193044927 -788.2678264205191 849.0949692188022
1128.7161476142082 -901.5941055984847 671.292853663211
1005.9991954254812 -1251.0467886311433 1069.1048954452513
813.6020417156735 -505.4425603454335 734.4997088531346
1087.4593513330385 -949.7942023279933 401.3297684896581
1447.181070743468 -827.6756345249405 1030.8815022173324
778.2815205264384 -749.4498038731917 1625.7477777350223
1456.9432375552385 -112.78568349654097 804.9948619623783
1397.4836115883338 -707.7468359489571 809.3349978144518
746.2137274781737 -871.5995851921632 846.2487538918834
1260.1628164043234 -734.1257254300713 1263.781147568783
577.7162452033044 -834.8404180001216 1005.7582353054975
1679.590574467049 -831.9063226651961 1070.7658319217435
1011.1707903543693 -180.8842305347987 1188.9477607947208
1566.1077706455162 -838.9245911870805 748.1211582587342
814.2324459378661 -474.64056218538576 1504.6876133610701
1485.7930848515398 -771.3562182023473 1235.7881546333858
1021.3999100203348 -1109.0791862203162 1081.1874305141744
964.442128455007 -1131.818702262613 770.7927214923453
840.9846030348473 -504.6280522446161 1136.6481957065243
1179.985474837944 -1173.9060429632027 784.996271693957
1524.6812437574163 -715.3910568698236 483.5870912425371
1074.5807377506321 -996.6098619502015 824.6605163492711
620.4720341004349 -695.545647655877 1388.0755957478277
741.7415328718971 -912.4083169535796 1469.8763759955145
1291.002833966047 -501.0055311805496 972.9652363607903
668.749543334847 -390.4393558503255 842.5182390664407
1696.9749715726273 -903.2049704046 863.2938539472473
1332.1412273097983 -694.9111776686211 649.5014758461857
1443.3878487617453 -498.8569227982478 691.1462579301049
786.6015057032149 -791.6977683665123 1368.744518456223
1396.5087457474615 -561.412367810324 539.0088536939611
1537.8532421552763 -382.41909228720175 1210.04962743283
926.0092540677867 -1329.780168536937 1086.604937793735
984.9814461241078 -1197.1672196595498 653.3713531484908
511.59742960953366 -538.8534621324213 1465.0595546554803
852.4206512786518 -834.450482821351 604.3186375589327
1315.8203258655326 -491.8185065971839 1531.890889971655
1146.0919790182568 -765.8263060224917 1336.736840579747
990.4525492188347 -222.3545370556966 1107.9641159449761
1506.9112982859579 -284.36919996451445 900.8231845489347
938.2631096425713 -924.0224837621923 1301.915642722614
795.841554371996 -736.3419476354138 600.6913520437638
466.56150379389936 -765.8144073748064 1445.7400585616965
936.4989863790938 -142.85063422788355 962.4963114054659
1581.3117847402316 -791.1477635344451 397.7329853426597
658.6419117885649 -225.27908879804266 857.0895256360037
1309.437699665212 -844.378258187673 337.25155005441326
710.7658950794694 -994.2078053214178 912.885634971867
1137.669001666116 -594.0550622167248 1245.3478995019539
1255.507953142132 -924.7785044205049 267.79130894450884
531.138609019554 -951.4078231366423 1286.0976723641056
1301.1901776587251 -411.73767284756366 1294.1172582907889
1287.5900267425734 -1135.2704512596947 793.5517748441756
1321.7943873860843 -914.5145130591048 1052.9418962445845
741.6114379513098 -731.0615676491843 786.9283888432999
1489.4122250273267 -820.0768734531741 520.8754293838571
1269.8623445006328 -540.6937310846844 1111.8134396114524
1390.976851847989 -840.1928397560221 1135.6362717060185
1340.8824218542982 -144.28971161870797 800.2354523288589
995.6600323606036 -457.125247582939 776.5074080286445
1053.482541375433 -1045.9680413620933 255.16390905266286
997.4832761323097 -839.7269213874846 1339.6955936804106
652.4691009382842 -509.1097261766823 1026.9995016269386
1105.835884085936 -754.301703372356 1447.7426797524768
926.9547584801678 -931.9374059766398 1134.0350507801325
1237.8895293829264 -880.0274488940094 1054.163711306623
1627.8520644859166 -444.8766000848467 449.0580726409276
1477.1510654859187 -199.20046682722224 814.6231146492854
976.6689023469517 -271.0993118856286 1219.4691303789882
1355.6777151111585 -73.06669025807423 1328.7362577404738
1139.7030579850277 -341.683467022339 1603.53124723033
936.228887776144 -992.3415300644467 1113.5777886740375
